84904968347119170781002783254987607042 69837040972420714951057417983554675191 34020888901906360480300347059436178356
91369213286428721865048887958358293086 131451649758833414208487857672688818620 138069879197305039817939150789411290263
72522320042259143615603521918436538589 134314696717890647065785316233668668375 154891935814611169056431282455057247414

135873591020345476237831485153479180674 54481960754074595163906794104673268768 114704833305793687848352978974846748616
55770967156305877757764383758262648547 129209972218910884471504311988000839880 145788878049736551895185707959304634281
62615111553337286800196919251804793275 110455599381638502570480701719833314739 133669823457755784434917324539169494716

110039386742461253869345513234609667022 78654763552108973008216292558548183448 26942588738346923519478280130962102001
82795079463223098295306976547397236438 24141286266293435611544536633390443059 36742761554780960590233984242065816332
100187257684473433768578133445008745900 121700295183258475765748855798152688650 27105357085053339792038628171789914069

133048548086892441486655413046353777704 84328326062589921185471044802297913346 36708356513495416514206796237524375076
70279050633149942113834692052359145193 5235124709677338772915328740367711511 72686914080398811128302631327920905549
29743820123256724742460317694857634289 154483188545597934520698644906289296868 82497321161681797155703698355641959090

93775039655353348150771655833105027480 38484489742416760652511713173669138959 42626775651738820937191565019804061741
74684081220711584189919471480073749571 91259926024527198164850059647319866724 17195154279494715495265300665357802149
92054711699279862308879300159065431167 112937186311083693377342385993488372870 20826674167895623076285510775242242033

