13923486657355117518208093256314950781 164362910498596208250267854597136866687 39313550324926783612935185174961397086
50134986427631674336192465052684375773 13932550243221156658091424074861317721 160732264117690975871574275587138949640
146455324389249536300437025314293193699 54901565616049717925611324368619098743 40954520694500939936543963239248050205

38153566483961633154403416985151462151 135062071102585436934532784045911660936 38041216420188734821510363076439355909
52879135553922771449629759324770886444 113500556487392301562351191790016901217 90532027905571094009018172777895212504
123432805515336057872303541264085052961 56697321457642821710589979114788293423 130718422698032474117345534343475817685

112726236799649692302547741012269117257 154822771056184571339049079548232226490 113719544793567805792643889344468279312
155649471722257575777026548679441778477 88472068820942177744272899756593954517 2145914878237661528038597053191403901
37953450553510346320726943905647897165 169185493140935935045353480759745576230 60766729593838100969193022823772937176

58745931874198672750531492278796134737 123971576969896361961362816291159213953 150024515177944043428264843623727073493
123915482387766175488513932693732692045 143908302059941890802721420557097848104 39000939728655770836036226097965977139
95989793482731674982788873677240838841 99473803626609805779323921121029527779 122265558385937141182324382701316476007

112628510706523225608061404089267228393 100664843729276336987998901883535785317 10415219173678827904078510586372783516
144801270566254284938645251901882820525 136222495879516003780839974972319181581 68343445276561609922352006084546687700
94195525393030721551006177624779847401 168030053226725077407449085021565145778 42946916793370235110620114888250646429

