71312728455994943432476427204581547904 106082415449921540262049334851076669577 96806744233636087638451771481486530285
28636983746408835530445950704841436868 24756983458414660865108021968333969386 41480223605942447773861181055217971551
121304722489429783547334060199038479167 151066104586998098471977966829480444336 144435910411826354470399361737462913835

166255209416631354071139705293137568629 150738335064278431364935029281183281751 17395133734486809061823961664598001202
61491080750240582524293160632850570736 97571838214635277429519103653750470357 103961460965630817559170726694568364669
154234449852265118790874146915878365219 2988262621187907450616622881262497565 75894120765150204911111748549122899053

117516743378827517291481353184889427176 106804832312644919116109235324987801516 29479049928554502419565134240453724414
101837815735457789391041082204929196539 57527828373233618375869867325899708152 131252507027450609613414722420626885494
32000475222485451642382226365227462662 49396578596744052652272270873869946574 82269096781577790970455652720321254482

148487886959847349226187702106618299014 131982463888452180316540746338311084155 153549495229499003520902967570516762885
146087833900022345861025982685676374216 20997756690850002156050554418418546113 58453329651414649767348446289997223039
44407569854480832006438112343785632597 86325374748730723163352041404449386807 135519487373319525125346526374809776357

133878816559061889704541547509395955581 30991849988776134091176688658679181451 117099188635051582890417228109707260470
120797015133972594334809884049811641359 112799945016895261517684572812129163149 84602583904412906314069996965979615878
154032129828627879603489129647922932886 59315127383129692678583136416714692807 106367592499203373544781678052391217265

