10 7 1 4 17 3 2 11 9 8 15 14 5 0 19 13 12 16 6 18                                                  
3 15 5 8 13 16 12 7 2 10 4 17 19 6 9 0 14 1 11 18                                                  
17 7 0 1 2 12 9 16 3 4 14 19 6 18 8 10 13 5 15 11                                                  
2 16 8 7 4 6 5 10 14 17 1 13 11 19 3 18 12 9 0 15                                                  
3 5 10 6 2 18 7 8 19 13 15 12 11 4 16 0 17 1 14 9                                                  
9 19 8 16 2 18 7 6 15 5 10 3 17 1 4 0 12 11 14 13                                                  
14 6 8 3 13 2 16 11 17 10 5 15 9 4 7 19 0 1 12 18                                                  
14 16 12 0 4 6 5 9 18 7 1 13 11 3 15 8 10 19 17 2                                                  
18 11 12 19 7 5 1 14 4 15 16 2 10 8 17 0 9 13 6 3                                                  
3 2 15 14 6 19 5 10 16 13 17 18 4 12 9 1 0 11 7 8                                                  
9 17 4 10 8 7 14 11 6 0 3 15 19 5 13 12 16 18 2 1                                                  
11 14 9 10 4 15 8 18 3 19 12 6 1 13 7 0 16 5 2 17                                                  
18 11 13 7 8 5 4 17 9 19 0 6 3 16 14 1 12 2 10 15                                                  
10 1 17 8 16 13 11 19 4 14 9 15 0 2 12 7 6 5 3 18                                                  
12 0 5 3 2 4 1 13 16 19 6 10 14 8 7 15 9 11 18 17                                                  
13 8 9 7 2 1 11 10 6 5 4 17 12 18 15 19 14 3 0 16                                                  
11 4 14 17 16 3 2 8 0 19 5 10 13 1 6 7 12 18 15 9                                                  
12 13 4 19 5 0 8 10 17 3 16 11 6 9 18 15 1 7 14 2                                                  
9 7 6 0 11 5 3 15 8 4 19 1 16 12 14 10 2 17 13 18                                                  
2 9 6 11 18 1 4 15 12 13 0 19 8 3 5 7 16 10 17 14                                                  
6 14 12 0 18 11 4 17 3 10 15 2 19 16 7 13 9 8 1 5                                                  
4 9 14 17 7 15 1 6 3 12 8 16 10 13 11 18 19 0 5 2                                                  
3 7 10 19 8 12 18 11 15 13 5 14 1 0 2 17 16 6 4 9                                                  
1 7 14 8 16 19 3 15 11 0 18 10 12 17 5 4 6 13 2 9                                                  
13 10 12 17 19 6 14 9 15 0 3 5 11 7 1 16 18 4 8 2                                                  
13 1 16 12 17 8 10 9 2 6 7 15 0 14 11 5 19 18 4 3                                                  
3 1 0 10 16 6 19 7 2 8 13 18 5 17 14 9 4 15 12 11                                                  
12 1 15 10 18 3 8 0 11 13 19 7 9 14 2 5 4 17 6 16                                                  
6 18 8 16 17 19 15 9 14 10 3 11 13 1 0 4 12 7 5 2                                                  
4 13 5 8 9 0 11 7 14 15 17 1 2 18 12 10 19 16 6 3                                                  
19 8 18 15 9 17 14 6 11 2 7 3 16 4 5 1 13 0 10 12                                                  
2 16 19 6 3 14 5 10 17 7 11 13 0 15 9 18 12 8 1 4                                                  
